[[[[0.76641951 0.67896606 0.22899398 0.41961585 0.51785199 0.52186545
    0.50551612 0.04112903]
   [0.20310806 0.65599964 0.79218903 0.55323732 0.23059177 0.82408609
    0.25925634 0.9721998 ]
   [0.91504282 0.68418431 0.12868441 0.10655167 0.57959931 0.73554864
    0.5613927  0.80652784]
   [0.43388077 0.26509687 0.54918895 0.19369269 0.37761587 0.13963525
    0.09631539 0.00743989]
   [0.19798765 0.95251664 0.22819072 0.3317621  0.55818648 0.97203728
    0.91941692 0.8290986 ]
   [0.49090039 0.70134382 0.72139942 0.35319728 0.54497526 0.14482445
    0.05738494 0.55017686]
   [0.7438344  0.42259528 0.86561194 0.73564747 0.33126505 0.64975112
    0.80923218 0.6778988 ]
   [0.33055873 0.63651187 0.10147871 0.39680753 0.03372096 0.21087214
    0.60371589 0.37793543]]

  [[0.60069077 0.49080684 0.36741491 0.65324403 0.56316772 0.10634665
    0.23544126 0.62729903]
   [0.59960094 0.62133859 0.84620587 0.91521022 0.43461834 0.60545981
    0.52115778 0.20102474]
   [0.69718786 0.93830815 0.70123444 0.87204553 0.79934314 0.48321613
    0.64150885 0.25243421]
   [0.41920872 0.96039567 0.37270029 0.04334916 0.77814169 0.52467807
    0.75663341 0.05087027]
   [0.59730091 0.79645678 0.72217304 0.06489832 0.88430139 0.14068871
    0.97154004 0.56738624]
   [0.9287413  0.10199354 0.3170106  0.42455403 0.61286714 0.30088397
    0.94152201 0.61664902]
   [0.68596025 0.95567656 0.57504648 0.76965776 0.27988827 0.6917772
    0.54699498 0.67416433]
   [0.3606419  0.50584525 0.18830564 0.32709768 0.94264442 0.93280731
    0.92826556 0.22181187]]

  [[0.10080428 0.80447394 0.05698561 0.62447425 0.30778574 0.27608301
    0.54843512 0.39374012]
   [0.20675493 0.82840568 0.03482877 0.42231075 0.72562841 0.75826864
    0.51371866 0.94866539]
   [0.56117424 0.78542811 0.36721067 0.27372539 0.5038154  0.24813564
    0.32886333 0.98376436]
   [0.76460931 0.40379503 0.35412567 0.58059139 0.57279188 0.00931811
    0.14123386 0.59163747]
   [0.04739884 0.43839255 0.47972772 0.45516938 0.21041762 0.83545793
    0.25007574 0.59240949]
   [0.01223645 0.25696501 0.69584781 0.90798908 0.80679129 0.19870262
    0.90692089 0.65554364]
   [0.30984296 0.00890852 0.35958994 0.1648545  0.75528478 0.65445107
    0.1149226  0.46682259]
   [0.19317236 0.26911325 0.61621341 0.2962945  0.24802212 0.30477954
    0.27937721 0.766231  ]]]


 [[[0.78419687 0.36292004 0.17360849 0.88969098 0.87803872 0.74518467
    0.88829115 0.24489087]
   [0.84797887 0.69214405 0.07389331 0.90966514 0.84848829 0.73674488
    0.9647619  0.10323188]
   [0.58946266 0.02318011 0.37775782 0.80621982 0.39185958 0.66364303
    0.78587231 0.18485419]
   [0.31437186 0.01557973 0.81299811 0.76500839 0.648196   0.91981818
    0.55397998 0.46961317]
   [0.80921888 0.09350225 0.03113698 0.79541657 0.64156739 0.46158652
    0.12402573 0.82567762]
   [0.05070641 0.09785488 0.46358397 0.82005707 0.3565648  0.81674941
    0.32542434 0.7072638 ]
   [0.76306648 0.18084572 0.78544809 0.82923768 0.9989628  0.63665607
    0.82933141 0.44538018]
   [0.5988916  0.88854774 0.64004716 0.29139052 0.2636792  0.04476651
    0.35766709 0.82335317]]

  [[0.09631657 0.40512115 0.52956301 0.53421853 0.31702623 0.43462141
    0.48754839 0.2371905 ]
   [0.59932043 0.1550691  0.00903294 0.69019411 0.39500127 0.28464545
    0.97180998 0.74017543]
   [0.4493266  0.71137805 0.33156455 0.14549767 0.91736109 0.30519562
    0.48900471 0.19900205]
   [0.69841151 0.69798262 0.07109079 0.76138255 0.61475581 0.14912606
    0.40249098 0.3422863 ]
   [0.08147082 0.39724216 0.40013757 0.45438129 0.81248379 0.42902816
    0.41957166 0.60319101]
   [0.01889478 0.38160835 0.01774436 0.64675238 0.46258443 0.21336743
    0.19030548 0.87512099]
   [0.92506528 0.21844846 0.00370811 0.23515837 0.4003357  0.45918225
    0.46841034 0.34167699]
   [0.98711042 0.60007805 0.03478078 0.73473955 0.36468839 0.95655602
    0.71139443 0.34945302]]

  [[0.65429835 0.99198896 0.39341061 0.24732011 0.71205574 0.08894273
    0.132864   0.72766871]
   [0.58436581 0.13173737 0.67308274 0.75185062 0.13094301 0.54120413
    0.96914751 0.69403402]
   [0.91927484 0.47792417 0.7886759  0.10153089 0.65125113 0.57298333
    0.03287955 0.07562876]
   [0.79040104 0.73270665 0.06345984 0.77755273 0.43015376 0.84595628
    0.50659624 0.17191494]
   [0.26555413 0.75933819 0.6163506  0.96728184 0.26307404 0.76317779
    0.59039805 0.08384771]
   [0.13769821 0.85539172 0.35318532 0.43214501 0.29647195 0.81352605
    0.36588237 0.84059761]
   [0.96670159 0.91267221 0.51956034 0.20355219 0.37727453 0.92288668
    0.35164626 0.85201446]
   [0.07181979 0.18675016 0.85229017 0.19256062 0.23597233 0.0703454
    0.30274124 0.19474825]]]]
###################################################
[[0.76641951 0.67896606 0.22899398 ... 0.47972772 0.45516938 0.21041762]
 [0.67896606 0.22899398 0.41961585 ... 0.45516938 0.21041762 0.83545793]
 [0.22899398 0.41961585 0.51785199 ... 0.21041762 0.83545793 0.25007574]
 ...
 [0.01557973 0.81299811 0.76500839 ... 0.19256062 0.23597233 0.0703454 ]
 [0.81299811 0.76500839 0.648196   ... 0.23597233 0.0703454  0.30274124]
 [0.76500839 0.648196   0.91981818 ... 0.0703454  0.30274124 0.19474825]]
[[[[3 2 1 2 0]
   [2 3 3 0 2]
   [3 2 0 0 1]
   [2 2 1 3 0]
   [3 0 2 0 0]]

  [[0 3 1 2 0]
   [1 0 2 1 0]
   [2 2 1 2 3]
   [2 1 3 3 1]
   [3 0 1 0 1]]

  [[3 3 2 2 2]
   [2 0 3 1 3]
   [0 3 0 0 0]
   [1 0 3 0 2]
   [3 3 3 3 2]]]


 [[[1 0 1 0 3]
   [1 2 2 3 3]
   [2 1 1 3 1]
   [2 0 3 0 1]
   [1 3 3 0 1]]

  [[0 2 1 1 0]
   [3 1 0 2 2]
   [2 2 0 1 0]
   [0 0 0 1 1]
   [3 2 0 1 3]]

  [[2 2 2 2 0]
   [1 2 1 0 0]
   [2 1 1 2 3]
   [1 3 1 2 0]
   [2 0 2 1 3]]]


 [[[2 1 3 1 2]
   [1 3 0 1 0]
   [2 0 0 1 3]
   [2 1 0 1 3]
   [1 1 3 1 3]]

  [[0 2 3 2 0]
   [0 3 0 3 1]
   [3 3 0 0 1]
   [3 2 0 0 1]
   [2 2 0 2 3]]

  [[3 2 2 0 0]
   [1 1 1 3 0]
   [0 3 3 3 3]
   [3 1 1 1 0]
   [1 1 0 2 1]]]]
col_w : (75, 3)
[[3 1 2]
 [2 0 1]
 [1 1 3]
 [2 0 1]
 [0 3 2]
 [2 1 1]
 [3 2 3]
 [3 2 0]
 [0 3 1]
 [2 3 0]
 [3 2 2]
 [2 1 0]
 [0 1 0]
 [0 3 1]
 [1 1 3]
 [2 2 2]
 [2 0 1]
 [1 3 0]
 [3 0 1]
 [0 1 3]
 [3 1 1]
 [0 3 1]
 [2 3 3]
 [0 0 1]
 [0 1 3]
 [0 0 0]
 [3 2 2]
 [1 1 3]
 [2 1 2]
 [0 0 0]
 [1 3 0]
 [0 1 3]
 [2 0 0]
 [1 2 3]
 [0 2 1]
 [2 2 3]
 [2 2 3]
 [1 0 0]
 [2 1 0]
 [3 0 1]
 [2 0 3]
 [1 0 2]
 [3 0 0]
 [3 1 0]
 [1 1 1]
 [3 3 2]
 [0 2 2]
 [1 0 0]
 [0 1 2]
 [1 3 3]
 [3 2 3]
 [3 2 2]
 [2 2 2]
 [2 2 0]
 [2 0 0]
 [2 1 1]
 [0 2 1]
 [3 1 1]
 [1 0 3]
 [3 0 0]
 [0 2 0]
 [3 1 3]
 [0 1 3]
 [0 2 3]
 [0 3 3]
 [1 1 3]
 [0 3 1]
 [3 1 1]
 [0 2 1]
 [2 0 0]
 [3 2 1]
 [3 0 1]
 [3 2 0]
 [3 1 2]
 [2 3 1]]
reshape Àü out Çü»ó : (32, 3)
[[57.7236918  51.96034323 56.11358092]
 [61.92669721 51.93919199 58.71193379]
 [52.62908349 48.45946216 52.62500343]
 [54.73493289 51.78069954 50.74278895]
 [59.7470373  52.3994662  59.22149493]
 [60.28264865 50.5359863  55.55889393]
 [60.78699484 48.64705577 47.7120797 ]
 [61.90696652 53.8246739  52.78907219]
 [60.46554532 50.61948873 56.30538629]
 [57.07926326 58.25997802 59.99713788]
 [53.36573858 50.06288759 51.95556793]
 [53.0384724  48.91591341 56.04817573]
 [54.64222274 48.46490626 52.16826569]
 [54.45237007 47.68748081 49.11744159]
 [52.32987403 47.71546179 52.53277712]
 [59.03728161 50.42765082 53.94274453]
 [59.27162137 54.43299947 59.97413883]
 [62.10004595 52.20964542 52.72064005]
 [58.00355973 53.96779051 53.23533392]
 [65.44941245 54.44351795 60.67123149]
 [52.01522705 49.73456192 50.38261541]
 [53.79435941 53.9856958  53.39924455]
 [59.08435804 52.20555272 53.85265294]
 [62.75279047 56.70153355 62.21722921]
 [57.4141053  54.00310575 55.54210523]
 [58.21176074 54.0849834  52.3511244 ]
 [55.42490155 51.47962871 56.23659286]
 [62.82075041 55.52446086 57.78978552]
 [52.08181631 53.47473996 56.29169829]
 [54.44080028 49.1255516  49.55775613]
 [54.88554069 51.21401163 52.79941506]
 [61.36800533 50.38939161 58.29480954]]
[[[[57.7236918  61.92669721 52.62908349 54.73493289]
   [59.7470373  60.28264865 60.78699484 61.90696652]
   [60.46554532 57.07926326 53.36573858 53.0384724 ]
   [54.64222274 54.45237007 52.32987403 59.03728161]]

  [[51.96034323 51.93919199 48.45946216 51.78069954]
   [52.3994662  50.5359863  48.64705577 53.8246739 ]
   [50.61948873 58.25997802 50.06288759 48.91591341]
   [48.46490626 47.68748081 47.71546179 50.42765082]]

  [[56.11358092 58.71193379 52.62500343 50.74278895]
   [59.22149493 55.55889393 47.7120797  52.78907219]
   [56.30538629 59.99713788 51.95556793 56.04817573]
   [52.16826569 49.11744159 52.53277712 53.94274453]]]


 [[[59.27162137 62.10004595 58.00355973 65.44941245]
   [52.01522705 53.79435941 59.08435804 62.75279047]
   [57.4141053  58.21176074 55.42490155 62.82075041]
   [52.08181631 54.44080028 54.88554069 61.36800533]]

  [[54.43299947 52.20964542 53.96779051 54.44351795]
   [49.73456192 53.9856958  52.20555272 56.70153355]
   [54.00310575 54.0849834  51.47962871 55.52446086]
   [53.47473996 49.1255516  51.21401163 50.38939161]]

  [[59.97413883 52.72064005 53.23533392 60.67123149]
   [50.38261541 53.39924455 53.85265294 62.21722921]
   [55.54210523 52.3511244  56.23659286 57.78978552]
   [56.29169829 49.55775613 52.79941506 58.29480954]]]]
(2, 3, 4, 4)