D:\Skk Education\AI 특강\latest-밑바닥딥러닝\skk-deep-learning-from-scratch-master\ch07> cmd /C "C:\Users\skkim\AppData\Local\Programs\Python\Python37\python.exe c:\Users\skkim\.vscode\extensions\ms-python.python-2021.7.1060902895\pythonFiles\lib\python\debugpy\launcher 57063 -- "d:\Skk 
Education\AI 특강\latest-밑바닥딥러닝\skk-deep-learning-from-scratch-master\ch07\skk_simple_Convolution_p.246_1_data Backward.py" "
[[[[0.72730261 0.86291615 0.61502619 0.98231237 0.94299267 0.03954876
    0.72729677]
   [0.45845782 0.12365007 0.9458167  0.57352735 0.36202631 0.65362309
    0.76755321]
   [0.38529492 0.54665169 0.69786964 0.88983768 0.80922704 0.89397727
    0.39889214]
   [0.49430261 0.33099521 0.30969813 0.34906595 0.96409979 0.23146261
    0.70041492]
   [0.25900324 0.56695923 0.04536915 0.27852703 0.11836188 0.36632417
    0.59769018]
   [0.57446914 0.84664198 0.25050651 0.12826684 0.69988096 0.41473264
    0.39947561]
   [0.7262635  0.67917388 0.66126973 0.14825708 0.01418268 0.94896998
    0.30880276]]

  [[0.32770085 0.35617574 0.90981698 0.55671783 0.19481861 0.77604535
    0.25931633]
   [0.26770471 0.21342381 0.16430901 0.23622657 0.10019453 0.88796094
    0.94601846]
   [0.52101377 0.82137873 0.41752774 0.99285089 0.03819555 0.99615639
    0.80251128]
   [0.54429009 0.51567963 0.49347676 0.51055931 0.05340028 0.61715525
    0.91798542]
   [0.61713405 0.54951358 0.3477531  0.54882355 0.89732259 0.25970097
    0.83370284]
   [0.93567674 0.11005997 0.67228164 0.61446987 0.08041022 0.19874504
    0.41626072]
   [0.4104853  0.86012316 0.94191297 0.75300546 0.92418469 0.76959827
    0.61012978]]

  [[0.20137598 0.54805204 0.89700001 0.63199797 0.34654971 0.91955449
    0.00619144]
   [0.3148974  0.82148303 0.5589582  0.90446784 0.49467365 0.60832009
    0.9833137 ]
   [0.0262615  0.80617374 0.99352365 0.33141595 0.95772956 0.5590927
    0.56222664]
   [0.89367331 0.08393251 0.61094002 0.60653107 0.27010666 0.2916002
    0.30582253]
   [0.69107998 0.11062386 0.34400237 0.50873901 0.46283208 0.37624176
    0.69547745]
   [0.96456024 0.0275681  0.86443624 0.02628939 0.90219244 0.21073768
    0.65106816]
   [0.06633411 0.92007492 0.0397003  0.04166674 0.30168917 0.03718521
    0.35578247]]]]
###################################################
[[0.72730261 0.86291615 0.61502619 0.98231237 0.94299267 0.45845782
  0.12365007 0.9458167  0.57352735 0.36202631 0.38529492 0.54665169
  0.69786964 0.88983768 0.80922704 0.49430261 0.33099521 0.30969813
  0.34906595 0.96409979 0.25900324 0.56695923 0.04536915 0.27852703
  0.11836188 0.32770085 0.35617574 0.90981698 0.55671783 0.19481861
  0.26770471 0.21342381 0.16430901 0.23622657 0.10019453 0.52101377
  0.82137873 0.41752774 0.99285089 0.03819555 0.54429009 0.51567963
  0.49347676 0.51055931 0.05340028 0.61713405 0.54951358 0.3477531
  0.54882355 0.89732259 0.20137598 0.54805204 0.89700001 0.63199797
  0.34654971 0.3148974  0.82148303 0.5589582  0.90446784 0.49467365
  0.0262615  0.80617374 0.99352365 0.33141595 0.95772956 0.89367331
  0.08393251 0.61094002 0.60653107 0.27010666 0.69107998 0.11062386
  0.34400237 0.50873901 0.46283208]
 [0.86291615 0.61502619 0.98231237 0.94299267 0.03954876 0.12365007
  0.9458167  0.57352735 0.36202631 0.65362309 0.54665169 0.69786964
  0.88983768 0.80922704 0.89397727 0.33099521 0.30969813 0.34906595
  0.96409979 0.23146261 0.56695923 0.04536915 0.27852703 0.11836188
  0.36632417 0.35617574 0.90981698 0.55671783 0.19481861 0.77604535
  0.21342381 0.16430901 0.23622657 0.10019453 0.88796094 0.82137873
  0.41752774 0.99285089 0.03819555 0.99615639 0.51567963 0.49347676
  0.51055931 0.05340028 0.61715525 0.54951358 0.3477531  0.54882355
  0.89732259 0.25970097 0.54805204 0.89700001 0.63199797 0.34654971
  0.91955449 0.82148303 0.5589582  0.90446784 0.49467365 0.60832009
  0.80617374 0.99352365 0.33141595 0.95772956 0.5590927  0.08393251
  0.61094002 0.60653107 0.27010666 0.2916002  0.11062386 0.34400237
  0.50873901 0.46283208 0.37624176]
 [0.61502619 0.98231237 0.94299267 0.03954876 0.72729677 0.9458167
  0.57352735 0.36202631 0.65362309 0.76755321 0.69786964 0.88983768
  0.80922704 0.89397727 0.39889214 0.30969813 0.34906595 0.96409979
  0.23146261 0.70041492 0.04536915 0.27852703 0.11836188 0.36632417
  0.59769018 0.90981698 0.55671783 0.19481861 0.77604535 0.25931633
  0.16430901 0.23622657 0.10019453 0.88796094 0.94601846 0.41752774
  0.99285089 0.03819555 0.99615639 0.80251128 0.49347676 0.51055931
  0.05340028 0.61715525 0.91798542 0.3477531  0.54882355 0.89732259
  0.25970097 0.83370284 0.89700001 0.63199797 0.34654971 0.91955449
  0.00619144 0.5589582  0.90446784 0.49467365 0.60832009 0.9833137
  0.99352365 0.33141595 0.95772956 0.5590927  0.56222664 0.61094002
  0.60653107 0.27010666 0.2916002  0.30582253 0.34400237 0.50873901
  0.46283208 0.37624176 0.69547745]
 [0.45845782 0.12365007 0.9458167  0.57352735 0.36202631 0.38529492
  0.54665169 0.69786964 0.88983768 0.80922704 0.49430261 0.33099521
  0.30969813 0.34906595 0.96409979 0.25900324 0.56695923 0.04536915
  0.27852703 0.11836188 0.57446914 0.84664198 0.25050651 0.12826684
  0.69988096 0.26770471 0.21342381 0.16430901 0.23622657 0.10019453
  0.52101377 0.82137873 0.41752774 0.99285089 0.03819555 0.54429009
  0.51567963 0.49347676 0.51055931 0.05340028 0.61713405 0.54951358
  0.3477531  0.54882355 0.89732259 0.93567674 0.11005997 0.67228164
  0.61446987 0.08041022 0.3148974  0.82148303 0.5589582  0.90446784
  0.49467365 0.0262615  0.80617374 0.99352365 0.33141595 0.95772956
  0.89367331 0.08393251 0.61094002 0.60653107 0.27010666 0.69107998
  0.11062386 0.34400237 0.50873901 0.46283208 0.96456024 0.0275681
  0.86443624 0.02628939 0.90219244]
 [0.12365007 0.9458167  0.57352735 0.36202631 0.65362309 0.54665169
  0.69786964 0.88983768 0.80922704 0.89397727 0.33099521 0.30969813
  0.34906595 0.96409979 0.23146261 0.56695923 0.04536915 0.27852703
  0.11836188 0.36632417 0.84664198 0.25050651 0.12826684 0.69988096
  0.41473264 0.21342381 0.16430901 0.23622657 0.10019453 0.88796094
  0.82137873 0.41752774 0.99285089 0.03819555 0.99615639 0.51567963
  0.49347676 0.51055931 0.05340028 0.61715525 0.54951358 0.3477531
  0.54882355 0.89732259 0.25970097 0.11005997 0.67228164 0.61446987
  0.08041022 0.19874504 0.82148303 0.5589582  0.90446784 0.49467365
  0.60832009 0.80617374 0.99352365 0.33141595 0.95772956 0.5590927
  0.08393251 0.61094002 0.60653107 0.27010666 0.2916002  0.11062386
  0.34400237 0.50873901 0.46283208 0.37624176 0.0275681  0.86443624
  0.02628939 0.90219244 0.21073768]
 [0.9458167  0.57352735 0.36202631 0.65362309 0.76755321 0.69786964
  0.88983768 0.80922704 0.89397727 0.39889214 0.30969813 0.34906595
  0.96409979 0.23146261 0.70041492 0.04536915 0.27852703 0.11836188
  0.36632417 0.59769018 0.25050651 0.12826684 0.69988096 0.41473264
  0.39947561 0.16430901 0.23622657 0.10019453 0.88796094 0.94601846
  0.41752774 0.99285089 0.03819555 0.99615639 0.80251128 0.49347676
  0.51055931 0.05340028 0.61715525 0.91798542 0.3477531  0.54882355
  0.89732259 0.25970097 0.83370284 0.67228164 0.61446987 0.08041022
  0.19874504 0.41626072 0.5589582  0.90446784 0.49467365 0.60832009
  0.9833137  0.99352365 0.33141595 0.95772956 0.5590927  0.56222664
  0.61094002 0.60653107 0.27010666 0.2916002  0.30582253 0.34400237
  0.50873901 0.46283208 0.37624176 0.69547745 0.86443624 0.02628939
  0.90219244 0.21073768 0.65106816]
 [0.38529492 0.54665169 0.69786964 0.88983768 0.80922704 0.49430261
  0.33099521 0.30969813 0.34906595 0.96409979 0.25900324 0.56695923
  0.04536915 0.27852703 0.11836188 0.57446914 0.84664198 0.25050651
  0.12826684 0.69988096 0.7262635  0.67917388 0.66126973 0.14825708
  0.01418268 0.52101377 0.82137873 0.41752774 0.99285089 0.03819555
  0.54429009 0.51567963 0.49347676 0.51055931 0.05340028 0.61713405
  0.54951358 0.3477531  0.54882355 0.89732259 0.93567674 0.11005997
  0.67228164 0.61446987 0.08041022 0.4104853  0.86012316 0.94191297
  0.75300546 0.92418469 0.0262615  0.80617374 0.99352365 0.33141595
  0.95772956 0.89367331 0.08393251 0.61094002 0.60653107 0.27010666
  0.69107998 0.11062386 0.34400237 0.50873901 0.46283208 0.96456024
  0.0275681  0.86443624 0.02628939 0.90219244 0.06633411 0.92007492
  0.0397003  0.04166674 0.30168917]
 [0.54665169 0.69786964 0.88983768 0.80922704 0.89397727 0.33099521
  0.30969813 0.34906595 0.96409979 0.23146261 0.56695923 0.04536915
  0.27852703 0.11836188 0.36632417 0.84664198 0.25050651 0.12826684
  0.69988096 0.41473264 0.67917388 0.66126973 0.14825708 0.01418268
  0.94896998 0.82137873 0.41752774 0.99285089 0.03819555 0.99615639
  0.51567963 0.49347676 0.51055931 0.05340028 0.61715525 0.54951358
  0.3477531  0.54882355 0.89732259 0.25970097 0.11005997 0.67228164
  0.61446987 0.08041022 0.19874504 0.86012316 0.94191297 0.75300546
  0.92418469 0.76959827 0.80617374 0.99352365 0.33141595 0.95772956
  0.5590927  0.08393251 0.61094002 0.60653107 0.27010666 0.2916002
  0.11062386 0.34400237 0.50873901 0.46283208 0.37624176 0.0275681
  0.86443624 0.02628939 0.90219244 0.21073768 0.92007492 0.0397003
  0.04166674 0.30168917 0.03718521]
 [0.69786964 0.88983768 0.80922704 0.89397727 0.39889214 0.30969813
  0.34906595 0.96409979 0.23146261 0.70041492 0.04536915 0.27852703
  0.11836188 0.36632417 0.59769018 0.25050651 0.12826684 0.69988096
  0.41473264 0.39947561 0.66126973 0.14825708 0.01418268 0.94896998
  0.30880276 0.41752774 0.99285089 0.03819555 0.99615639 0.80251128
  0.49347676 0.51055931 0.05340028 0.61715525 0.91798542 0.3477531
  0.54882355 0.89732259 0.25970097 0.83370284 0.67228164 0.61446987
  0.08041022 0.19874504 0.41626072 0.94191297 0.75300546 0.92418469
  0.76959827 0.61012978 0.99352365 0.33141595 0.95772956 0.5590927
  0.56222664 0.61094002 0.60653107 0.27010666 0.2916002  0.30582253
  0.34400237 0.50873901 0.46283208 0.37624176 0.69547745 0.86443624
  0.02628939 0.90219244 0.21073768 0.65106816 0.0397003  0.04166674
  0.30168917 0.03718521 0.35578247]]
[[[[2 2 2 2 0]
   [3 3 1 1 3]
   [3 2 2 2 0]
   [3 3 0 0 0]
   [3 3 3 3 1]]

  [[1 2 3 0 2]
   [0 2 3 3 3]
   [0 1 2 0 1]
   [1 3 2 0 3]
   [3 2 0 1 3]]

  [[3 2 0 1 2]
   [1 0 1 3 0]
   [1 2 0 3 2]
   [1 2 2 2 0]
   [0 1 0 1 3]]]]
[[2]
 [2]
 [2]
 [2]
 [0]
 [3]
 [3]
 [1]
 [1]
 [3]
 [3]
 [2]
 [2]
 [2]
 [0]
 [3]
 [3]
 [0]
 [0]
 [0]
 [3]
 [3]
 [3]
 [3]
 [1]
 [1]
 [2]
 [3]
 [0]
 [2]
 [0]
 [2]
 [3]
 [3]
 [3]
 [0]
 [1]
 [2]
 [0]
 [1]
 [1]
 [3]
 [2]
 [0]
 [3]
 [3]
 [2]
 [0]
 [1]
 [3]
 [3]
 [2]
 [0]
 [1]
 [2]
 [1]
 [0]
 [1]
 [3]
 [0]
 [1]
 [2]
 [0]
 [3]
 [2]
 [1]
 [2]
 [2]
 [2]
 [0]
 [0]
 [1]
 [0]
 [1]
 [3]]
[[56.07305165]
 [66.96259806]
 [64.51866136]
 [56.81745811]
 [59.43129398]
 [63.67657093]
 [59.00944186]
 [60.6514433 ]
 [59.47743186]]
[[[[56.07305165 66.96259806 64.51866136]
   [56.81745811 59.43129398 63.67657093]
   [59.00944186 60.6514433  59.47743186]]]]
----------------- Backward -- common\layers.py, line: 232 ----------------
[[56.07305165]
 [66.96259806]
 [64.51866136]
 [56.81745811]
 [59.43129398]
 [63.67657093]
 [59.00944186]
 [60.6514433 ]
 [59.47743186]]
dout shape :  (9, 1)
[[329.2680527 ]
 [380.2140931 ]
 [415.26375986]
 [371.26174488]
 [336.43734349]
 [261.49143472]
 [295.54449236]
 [355.64999695]
 [346.98870272]
 [350.68667126]
 [223.08147294]
 [247.0078431 ]
 [277.27017464]
 [299.03412401]
 [308.86033466]
 [221.31128661]
 [187.24698022]
 [193.79931046]
 [219.93631925]
 [271.51769106]
 [277.70352662]
 [212.96150985]
 [144.11036958]
 [188.5208682 ]
 [236.33999806]
 [244.67881627]
 [286.59263362]
 [217.74752988]
 [290.403643  ]
 [308.72903811]
 [237.65414193]
 [263.64191126]
 [179.9195675 ]
 [269.43181326]
 [333.77032594]
 [294.57940068]
 [315.37243102]
 [261.31999762]
 [296.23721779]
 [337.07872993]
 [288.63037499]
 [265.5539224 ]
 [256.54064919]
 [226.02850402]
 [264.61037198]
 [328.76316601]
 [327.51454484]
 [350.20136016]
 [306.22502058]
 [301.88351507]
 [317.70751828]
 [396.60193755]
 [367.67950338]
 [348.39449261]
 [332.14537767]
 [315.56030533]
 [345.88409272]
 [349.85805599]
 [303.95637695]
 [307.17302002]
 [282.1740144 ]
 [270.46624872]
 [306.33546288]
 [268.339651  ]
 [271.06219117]
 [272.8978335 ]
 [199.493393  ]
 [277.81548395]
 [220.08522995]
 [252.08964689]
 [241.91928408]
 [175.85562065]
 [214.15659541]
 [175.2931112 ]
 [242.4791631 ]]
reshpe 전:  (75, 1)
reshpe 후:  (1, 3, 5, 5)
dcol shape:  (9, 75)
(1, 3, 7, 7)

D:\Skk Education\AI 특강\latest-밑바닥딥러닝\skk-deep-learning-from-scratch-master\ch07>