[[[[0.51858589 0.05546875 0.63311045 0.64300564 0.07481163 0.4218413 
    0.67932977]
   [0.29428208 0.48937492 0.87760879 0.34896679 0.59385271 0.89037033
    0.30994764]
   [0.32078014 0.37057738 0.12940485 0.97685041 0.61185348 0.76733874
    0.15908431]
   [0.85664459 0.12137597 0.1199163  0.64664498 0.50183635 0.13125916
    0.27942121]
   [0.74908348 0.43362679 0.0606012  0.75171688 0.31327939 0.06412237
    0.07607483]
   [0.34110422 0.46060575 0.59931853 0.62207411 0.49545871 0.66139968
    0.39947402]
   [0.80904569 0.34961548 0.75721078 0.8310825  0.61579339 0.89207942
    0.55802786]]

  [[0.5076791  0.52194015 0.88784585 0.96487205 0.29521941 0.0055228 
    0.92193913]
   [0.84278771 0.21002433 0.37332131 0.30573688 0.05774133 0.61063826
    0.87890746]
   [0.25770855 0.10850576 0.76641685 0.88738786 0.7974403  0.76555064
    0.62001846]
   [0.0197509  0.24336229 0.2321837  0.45967076 0.40911261 0.6533537 
    0.89377082]
   [0.50330991 0.74911517 0.8970234  0.50226364 0.34096496 0.14564125
    0.24218486]
   [0.88502888 0.28943695 0.00981131 0.44010719 0.04622007 0.77455874
    0.38194333]
   [0.89657578 0.8159697  0.29103844 0.04873628 0.65306259 0.3069344
    0.93440475]]

  [[0.83607698 0.2155894  0.27606801 0.72842162 0.09289265 0.93280889
    0.50947104]
   [0.2515051  0.71530516 0.73576468 0.18351039 0.60287027 0.65501052
    0.77845626]
   [0.01721241 0.96933947 0.12628923 0.42623948 0.73418901 0.37315908
    0.15036914]
   [0.95539572 0.20344266 0.44514822 0.12622024 0.98581413 0.3150055
    0.5376296 ]
   [0.10119534 0.95607353 0.96108646 0.24514678 0.62323061 0.2919314
    0.71312681]
   [0.79976999 0.0020021  0.56328143 0.50579668 0.50532157 0.132701
    0.32187385]
   [0.91783514 0.46372922 0.96481933 0.78195501 0.4477006  0.7072627
    0.62960561]]]]
###################################################
[[0.51858589 0.05546875 0.63311045 0.64300564 0.07481163 0.29428208
  0.48937492 0.87760879 0.34896679 0.59385271 0.32078014 0.37057738
  0.12940485 0.97685041 0.61185348 0.85664459 0.12137597 0.1199163
  0.64664498 0.50183635 0.74908348 0.43362679 0.0606012  0.75171688
  0.31327939 0.5076791  0.52194015 0.88784585 0.96487205 0.29521941
  0.84278771 0.21002433 0.37332131 0.30573688 0.05774133 0.25770855
  0.10850576 0.76641685 0.88738786 0.7974403  0.0197509  0.24336229
  0.2321837  0.45967076 0.40911261 0.50330991 0.74911517 0.8970234
  0.50226364 0.34096496 0.83607698 0.2155894  0.27606801 0.72842162
  0.09289265 0.2515051  0.71530516 0.73576468 0.18351039 0.60287027
  0.01721241 0.96933947 0.12628923 0.42623948 0.73418901 0.95539572
  0.20344266 0.44514822 0.12622024 0.98581413 0.10119534 0.95607353
  0.96108646 0.24514678 0.62323061]
 [0.05546875 0.63311045 0.64300564 0.07481163 0.4218413  0.48937492
  0.87760879 0.34896679 0.59385271 0.89037033 0.37057738 0.12940485
  0.97685041 0.61185348 0.76733874 0.12137597 0.1199163  0.64664498
  0.50183635 0.13125916 0.43362679 0.0606012  0.75171688 0.31327939
  0.06412237 0.52194015 0.88784585 0.96487205 0.29521941 0.0055228
  0.21002433 0.37332131 0.30573688 0.05774133 0.61063826 0.10850576
  0.76641685 0.88738786 0.7974403  0.76555064 0.24336229 0.2321837
  0.45967076 0.40911261 0.6533537  0.74911517 0.8970234  0.50226364
  0.34096496 0.14564125 0.2155894  0.27606801 0.72842162 0.09289265
  0.93280889 0.71530516 0.73576468 0.18351039 0.60287027 0.65501052
  0.96933947 0.12628923 0.42623948 0.73418901 0.37315908 0.20344266
  0.44514822 0.12622024 0.98581413 0.3150055  0.95607353 0.96108646
  0.24514678 0.62323061 0.2919314 ]
 [0.63311045 0.64300564 0.07481163 0.4218413  0.67932977 0.87760879
  0.34896679 0.59385271 0.89037033 0.30994764 0.12940485 0.97685041
  0.61185348 0.76733874 0.15908431 0.1199163  0.64664498 0.50183635
  0.13125916 0.27942121 0.0606012  0.75171688 0.31327939 0.06412237
  0.07607483 0.88784585 0.96487205 0.29521941 0.0055228  0.92193913
  0.37332131 0.30573688 0.05774133 0.61063826 0.87890746 0.76641685
  0.88738786 0.7974403  0.76555064 0.62001846 0.2321837  0.45967076
  0.40911261 0.6533537  0.89377082 0.8970234  0.50226364 0.34096496
  0.14564125 0.24218486 0.27606801 0.72842162 0.09289265 0.93280889
  0.50947104 0.73576468 0.18351039 0.60287027 0.65501052 0.77845626
  0.12628923 0.42623948 0.73418901 0.37315908 0.15036914 0.44514822
  0.12622024 0.98581413 0.3150055  0.5376296  0.96108646 0.24514678
  0.62323061 0.2919314  0.71312681]
 [0.29428208 0.48937492 0.87760879 0.34896679 0.59385271 0.32078014
  0.37057738 0.12940485 0.97685041 0.61185348 0.85664459 0.12137597
  0.1199163  0.64664498 0.50183635 0.74908348 0.43362679 0.0606012
  0.75171688 0.31327939 0.34110422 0.46060575 0.59931853 0.62207411
  0.49545871 0.84278771 0.21002433 0.37332131 0.30573688 0.05774133
  0.25770855 0.10850576 0.76641685 0.88738786 0.7974403  0.0197509
  0.24336229 0.2321837  0.45967076 0.40911261 0.50330991 0.74911517
  0.8970234  0.50226364 0.34096496 0.88502888 0.28943695 0.00981131
  0.44010719 0.04622007 0.2515051  0.71530516 0.73576468 0.18351039
  0.60287027 0.01721241 0.96933947 0.12628923 0.42623948 0.73418901
  0.95539572 0.20344266 0.44514822 0.12622024 0.98581413 0.10119534
  0.95607353 0.96108646 0.24514678 0.62323061 0.79976999 0.0020021
  0.56328143 0.50579668 0.50532157]
 [0.48937492 0.87760879 0.34896679 0.59385271 0.89037033 0.37057738
  0.12940485 0.97685041 0.61185348 0.76733874 0.12137597 0.1199163
  0.64664498 0.50183635 0.13125916 0.43362679 0.0606012  0.75171688
  0.31327939 0.06412237 0.46060575 0.59931853 0.62207411 0.49545871
  0.66139968 0.21002433 0.37332131 0.30573688 0.05774133 0.61063826
  0.10850576 0.76641685 0.88738786 0.7974403  0.76555064 0.24336229
  0.2321837  0.45967076 0.40911261 0.6533537  0.74911517 0.8970234
  0.50226364 0.34096496 0.14564125 0.28943695 0.00981131 0.44010719
  0.04622007 0.77455874 0.71530516 0.73576468 0.18351039 0.60287027
  0.65501052 0.96933947 0.12628923 0.42623948 0.73418901 0.37315908
  0.20344266 0.44514822 0.12622024 0.98581413 0.3150055  0.95607353
  0.96108646 0.24514678 0.62323061 0.2919314  0.0020021  0.56328143
  0.50579668 0.50532157 0.132701  ]
 [0.87760879 0.34896679 0.59385271 0.89037033 0.30994764 0.12940485
  0.97685041 0.61185348 0.76733874 0.15908431 0.1199163  0.64664498
  0.50183635 0.13125916 0.27942121 0.0606012  0.75171688 0.31327939
  0.06412237 0.07607483 0.59931853 0.62207411 0.49545871 0.66139968
  0.39947402 0.37332131 0.30573688 0.05774133 0.61063826 0.87890746
  0.76641685 0.88738786 0.7974403  0.76555064 0.62001846 0.2321837
  0.45967076 0.40911261 0.6533537  0.89377082 0.8970234  0.50226364
  0.34096496 0.14564125 0.24218486 0.00981131 0.44010719 0.04622007
  0.77455874 0.38194333 0.73576468 0.18351039 0.60287027 0.65501052
  0.77845626 0.12628923 0.42623948 0.73418901 0.37315908 0.15036914
  0.44514822 0.12622024 0.98581413 0.3150055  0.5376296  0.96108646
  0.24514678 0.62323061 0.2919314  0.71312681 0.56328143 0.50579668
  0.50532157 0.132701   0.32187385]
 [0.32078014 0.37057738 0.12940485 0.97685041 0.61185348 0.85664459
  0.12137597 0.1199163  0.64664498 0.50183635 0.74908348 0.43362679
  0.0606012  0.75171688 0.31327939 0.34110422 0.46060575 0.59931853
  0.62207411 0.49545871 0.80904569 0.34961548 0.75721078 0.8310825
  0.61579339 0.25770855 0.10850576 0.76641685 0.88738786 0.7974403
  0.0197509  0.24336229 0.2321837  0.45967076 0.40911261 0.50330991
  0.74911517 0.8970234  0.50226364 0.34096496 0.88502888 0.28943695
  0.00981131 0.44010719 0.04622007 0.89657578 0.8159697  0.29103844
  0.04873628 0.65306259 0.01721241 0.96933947 0.12628923 0.42623948
  0.73418901 0.95539572 0.20344266 0.44514822 0.12622024 0.98581413
  0.10119534 0.95607353 0.96108646 0.24514678 0.62323061 0.79976999
  0.0020021  0.56328143 0.50579668 0.50532157 0.91783514 0.46372922
  0.96481933 0.78195501 0.4477006 ]
 [0.37057738 0.12940485 0.97685041 0.61185348 0.76733874 0.12137597
  0.1199163  0.64664498 0.50183635 0.13125916 0.43362679 0.0606012
  0.75171688 0.31327939 0.06412237 0.46060575 0.59931853 0.62207411
  0.49545871 0.66139968 0.34961548 0.75721078 0.8310825  0.61579339
  0.89207942 0.10850576 0.76641685 0.88738786 0.7974403  0.76555064
  0.24336229 0.2321837  0.45967076 0.40911261 0.6533537  0.74911517
  0.8970234  0.50226364 0.34096496 0.14564125 0.28943695 0.00981131
  0.44010719 0.04622007 0.77455874 0.8159697  0.29103844 0.04873628
  0.65306259 0.3069344  0.96933947 0.12628923 0.42623948 0.73418901
  0.37315908 0.20344266 0.44514822 0.12622024 0.98581413 0.3150055
  0.95607353 0.96108646 0.24514678 0.62323061 0.2919314  0.0020021
  0.56328143 0.50579668 0.50532157 0.132701   0.46372922 0.96481933
  0.78195501 0.4477006  0.7072627 ]
 [0.12940485 0.97685041 0.61185348 0.76733874 0.15908431 0.1199163
  0.64664498 0.50183635 0.13125916 0.27942121 0.0606012  0.75171688
  0.31327939 0.06412237 0.07607483 0.59931853 0.62207411 0.49545871
  0.66139968 0.39947402 0.75721078 0.8310825  0.61579339 0.89207942
  0.55802786 0.76641685 0.88738786 0.7974403  0.76555064 0.62001846
  0.2321837  0.45967076 0.40911261 0.6533537  0.89377082 0.8970234
  0.50226364 0.34096496 0.14564125 0.24218486 0.00981131 0.44010719
  0.04622007 0.77455874 0.38194333 0.29103844 0.04873628 0.65306259
  0.3069344  0.93440475 0.12628923 0.42623948 0.73418901 0.37315908
  0.15036914 0.44514822 0.12622024 0.98581413 0.3150055  0.5376296
  0.96108646 0.24514678 0.62323061 0.2919314  0.71312681 0.56328143
  0.50579668 0.50532157 0.132701   0.32187385 0.96481933 0.78195501
  0.4477006  0.7072627  0.62960561]]
[[[[0 3 3 3 1]
   [2 1 1 1 2]
   [0 0 1 2 2]
   [1 2 1 3 0]
   [3 0 2 3 2]]

  [[2 2 2 3 1]
   [2 2 1 3 2]
   [3 0 1 0 2]
   [0 2 0 2 0]
   [3 0 1 3 0]]

  [[1 2 2 1 3]
   [3 0 2 3 3]
   [2 0 3 1 3]
   [1 1 0 1 1]
   [2 1 2 0 3]]]]
[[0]
 [3]
 [3]
 [3]
 [1]
 [2]
 [1]
 [1]
 [1]
 [2]
 [0]
 [0]
 [1]
 [2]
 [2]
 [1]
 [2]
 [1]
 [3]
 [0]
 [3]
 [0]
 [2]
 [3]
 [2]
 [2]
 [2]
 [2]
 [3]
 [1]
 [2]
 [2]
 [1]
 [3]
 [2]
 [3]
 [0]
 [1]
 [0]
 [2]
 [0]
 [2]
 [0]
 [2]
 [0]
 [3]
 [0]
 [1]
 [3]
 [0]
 [1]
 [2]
 [2]
 [1]
 [3]
 [3]
 [0]
 [2]
 [3]
 [3]
 [2]
 [0]
 [3]
 [1]
 [3]
 [1]
 [1]
 [0]
 [1]
 [1]
 [2]
 [1]
 [2]
 [0]
 [3]]
[[55.94362543]
 [58.14432863]
 [56.85464255]
 [59.12349027]
 [55.21213935]
 [56.43422639]
 [63.10293555]
 [57.16936942]
 [65.64927376]]
[[[[55.94362543 59.12349027 63.10293555]
   [58.14432863 55.21213935 57.16936942]
   [56.85464255 56.43422639 65.64927376]]]]