----------------최초 Weight-------------
[[ 0.41298124  0.38937838 -0.05637044]
 [ 0.96370251 -0.18822575 -1.06462923]]
[ 1.115121    0.06422385 -0.99198857]
2.4931954932305134
----------SGD without decay---------------
[[-1.09812328 -0.63050788  2.47462034]
 [-1.30295428 -1.71805513  2.73185693]]
[-1.83153282 -1.92455434  3.94344344]
0.005915171983721147
-------------with decay----------------
[[-0.42598524 -0.42596196  0.8519809 ]
 [-0.63896231 -0.63897783  1.27792708]]
[-0.83065722 -0.83065723  1.66132292]
0.15314312240370556


----------------최초 Weight-------------
[[ 0.34793327 -0.83039031 -1.94769762]
 [-0.02426889  0.90804847 -2.02086672]]
[ 0.18691796  0.31900944 -2.98739862]
3.955027652312671
----------SGD without decay---------------
[[-1.16662273 -2.40937758  1.14584564]
 [-2.29610289 -1.46043244  2.61944818]]
[-2.76646623 -2.76001574  3.04501075]
0.005987320117122183
-------------with decay----------------
[[-0.42598729 -0.42604357  0.85192108]
 [-0.6390056  -0.63896808  1.27792231]]
[-0.83069741 -0.83069741  1.66128273]
0.15314312240370764


----------------최초 Weight-------------
[[-0.87508665  0.65701858 -0.31555472]
 [ 0.73777219 -0.63429159 -0.00253102]]
[ 0.13894298 -0.17665129 -0.19161075]
1.2257761702614558
----------SGD without decay---------------
[[-1.97102633 -0.29902942  1.73643296]
 [-0.90613734 -2.06836359  3.0754505 ]]
[-1.99813941 -2.04094489  3.80976523]
0.005864242668762927
-------------with decay----------------
[[-0.42602403 -0.42594751  0.85194744]
 [-0.63894342 -0.63899444  1.27794242]]
[-0.8306635  -0.8306635   1.66131664]
0.15314312240369612
